0 50,75
1 21,46
2 24,37
3 29,29
4 37,24
5 46,21
6 55,21
7 64,24
8 71,29
9 77,37
10 80,46
11 80,55
12 77,64
13 71,71
14 64,77
15 55,80
16 46,80
17 37,77
18 29,71
19 24,64
20 21,55
21 23,31
22 30,23
23 39,18
24 50,17
25 60,18
26 69,23
27 77,30
28 82,39
29 84,50
30 83,60
31 78,69
32 71,77
33 61,82
34 51,84
35 41,83
36 31,78
37 23,71
38 18,61
39 17,51
40 18,41
41 13,45
42 17,33
43 24,24
44 33,17
45 45,13
46 56,13
47 67,17
48 77,24
49 84,33
50 88,45
51 88,56
52 84,67
53 77,77
54 67,84
55 56,88
56 45,88
57 33,84
58 24,77
59 17,67