0 50,50
1 28,29
2 45,20
3 63,23
4 77,36
5 81,54
6 72,71
7 55,81
8 37,78
9 23,65
10 20,46
11 20,35
12 35,20
13 55,17
14 74,27
15 84,45
16 80,66
17 65,80
18 45,84
19 26,74
20 17,55
21 24,25
22 44,14
23 66,17
24 83,33
25 87,55
26 77,76
27 57,86
28 34,83
29 18,67
30 14,45
31 15,32
32 32,15
33 56,11
34 78,22
35 90,44
36 86,68
37 68,86
38 44,89
39 22,78
40 11,56
41 19,21
42 43,8
43 69,12
44 88,30
45 93,56
46 81,80
47 58,92
48 32,89
49 13,70
50 8,5
51 25,78
52 27,78
53 23,80
54 29,80
55 25,82
56 27,82
57 23,84
58 29,84
59 25,86
60 27,86
61 11,34
62 13,34
63 9,6
64 15,36
65 11,38
66 13,38
67 9,0
68 15,40
69 11,42
70 13,42
71 49,6
72 51,6
73 47,8
74 53,8
75 49,10
76 51,10
77 47,12
78 53,12
79 49,14