0 50,50
1 8,29
2 22,29
3 36,29
4 50,29
5 64,29
6 78,29
7 92,29
8 8,36
9 22,36
10 36,36
11 50,36
12 64,36
13 78,36
14 92,36
15 8,43
16 22,43
17 36,43
18 50,43
19 64,43
20 78,43
21 92,43
22 8,50
23 22,50
24 36,50
25 46,50
26 64,50
27 78,50
28 92,50
29 8,57
30 22,57
31 36,57
32 50,57
33 64,57
34 78,57
35 92,57
36 8,64
37 22,64
38 36,64
39 50,64
40 64,64
41 78,64
42 92,64
43 8,71
44 22,71
45 36,71
46 50,71
47 64,71
48 78,71
49 92,71
50 4,26
51 6,26
52 2,28
53 8,28
54 4,30
55 6,30
56 2,32
57 8,32
58 4,34
59 6,34
60 94,26
61 96,26
62 92,28
63 98,28
64 94,30
65 96,30
66 92,32
67 98,32
68 94,34
69 96,34
70 49,46
71 51,46
72 47,48
73 53,48
74 49,50
75 51,50
76 47,52
77 53,52
78 49,54
79 51,54
80 4,66
81 6,66
82 2,68
83 8,68
84 4,70
85 6,70
86 2,72
87 8,72
88 4,74
89 6,74
90 94,66
91 96,66
92 92,68
93 98,68
94 94,70
95 96,70
96 92,72
97 98,72
98 94,74
99 96,74