0 25 15
1 25 6
2 3 4
3 13 18
4 23 18
5 4 16
6 22 10
7 18 6
8 7 18
9 8 13
10 10 18
11 19 1
12 14 15
13 16 13
14 22 11
15 1 5
16 12 25
17 20 9
18 8 21
19 22 16
20 17 4
21 8 10
22 3 24
23 21 9
24 18 15
25 24 3
26 3 3
27 13 3
28 3 3
29 20 4
30 17 11
31 11 14
32 4 24
33 15 18
34 11 9
35 25 1
36 2 12
37 15 1
38 18 10
39 19 24
40 13 11
41 18 19
42 21 2
43 22 19
44 2 20
45 6 9
46 10 2
47 24 24
48 16 4
49 8 19
50 10 19
51 18 15
52 23 25
53 5 18
54 13 25
55 9 7
56 20 23
57 14 24
58 10 19
59 2 3
60 11 18
61 5 1
62 18 22
63 7 16
64 9 4
65 10 9
66 17 8
67 8 7
68 20 5
69 12 20
70 2 22
71 9 11
72 8 8
73 12 25
74 25 17
75 13 3
76 16 13
77 16 8
78 16 1
79 15 23