0 11 20
1 3 10
2 20 19
3 2 7
4 5 10
5 5 14
6 16 18
7 19 11
8 25 3
9 18 13
10 1 22
11 1 17
12 10 9
13 13 15
14 14 23
15 5 22
16 7 13
17 17 22
18 5 19
19 17 18
20 25 16
21 24 6
22 25 5
23 9 8
24 6 24
25 19 21
26 19 17
27 3 6
28 9 17
29 24 14
30 19 24
31 25 4
32 7 22
33 13 21
34 8 23
35 23 23
36 24 9
37 25 21
38 4 23
39 25 18
40 19 3
41 23 24
42 20 11
43 10 21
44 21 6
45 12 16
46 7 21
47 1 5
48 20 18
49 16 7
50 6 1
51 18 11
52 9 2
53 20 17
54 22 8
55 14 10
56 16 19
57 5 4
58 17 25
59 19 18
60 14 3
61 13 11
62 22 10
63 24 5
64 22 7
65 16 17
66 5 8
67 4 1
68 23 10
69 24 25
70 3 25
71 18 21
72 19 13
73 25 23
74 13 20
75 9 23
76 17 25
77 6 21
78 20 10
79 14 7
80 17 4
81 11 14
82 14 20
83 5 21
84 12 18
85 6 13
86 22 3
87 11 4
88 17 14
89 7 3
90 19 14
91 4 10
92 13 11
93 11 20
94 6 6
95 5 1
96 3 21
97 14 17
98 16 22
99 18 15